wall_0=Wall(-1.800266647338867,-1.259174394607544,0.0,3.5247333526611326,-1.259174394607544,0.0,4.84,0.0)
wall_1=Wall(-1.800266647338867,-1.259174394607544,0.0,-1.800266647338867,0.7408256053924562,0.0,4.84,0.0)
wall_2=Wall(3.5247333526611326,-1.259174394607544,0.0,3.5247333526611326,7.140825605392456,0.0,4.84,0.0)
wall_3=Wall(-1.800266647338867,0.7408256053924562,0.0,0.09973335266113281,0.7408256053924562,0.0,4.84,0.0)
wall_4=Wall(0.09973335266113281,0.7408256053924562,0.0,0.09973335266113281,7.140825605392456,0.0,4.84,0.0)
wall_5=Wall(0.09973335266113281,7.140825605392456,0.0,3.5247333526611326,7.140825605392456,0.0,4.84,0.0)
window_1=Window(wall_2,3.5747333526611325,-0.5341743946075439,1.4500000000000002,0.7200000000000001,1.2800000000000002)
window_2=Window(wall_2,3.5747333526611325,0.9908256053924562,1.4500000000000002,0.7200000000000001,1.2800000000000002)
window_3=Window(wall_2,3.5747333526611325,6.090825605392456,1.4500000000000002,0.7200000000000001,1.2800000000000002)
bbox_0=Bbox(stairway,0.9997333526611327,3.4408256053924564,0.9,-1.5708000000000002,4.765625,1.78125,2.25)
bbox_1=Bbox(stairway,2.849733352661133,3.0408256053924565,2.880348962192535,-1.5708000000000002,4.765625,1.78125,2.25)
bbox_2=Bbox(plateform,1.9247333526611328,6.27837,1.8098589621925356,0.0,3.6765625,1.68125,0.34)
