wall_0=Wall(-0.7082083702087403,-9.098023223876954,-0.5577861309051514,4.316791629791259,-9.098023223876954,-0.5577861309051514,3.1,0.0)
wall_1=Wall(-0.7082083702087403,-9.098023223876954,-0.5577861309051514,-0.7082083702087403,-4.523023223876953,-0.5577861309051514,3.1,0.0)
wall_2=Wall(4.316791629791259,-9.098023223876954,-0.5577861309051514,4.316791629791259,-4.523023223876953,-0.5577861309051514,3.1,0.0)
wall_3=Wall(-0.7082083702087403,-4.523023223876953,-0.5577861309051514,4.316791629791259,-4.523023223876953,-0.5577861309051514,3.1,0.0)
wall_4=Wall(-0.7082083702087403,-4.398023223876953,-0.5577861309051514,8.09179162979126,-4.398023223876953,-0.5577861309051514,3.1,0.0)
wall_5=Wall(-0.7082083702087403,-4.398023223876953,-0.5577861309051514,-0.7082083702087403,-3.098023223876953,-0.5577861309051514,3.1,0.0)
wall_7=Wall(6.39179162979126,-4.398023223876953,-0.5577861309051514,8.09179162979126,-4.398023223876953,-0.5577861309051514,3.1,0.0)
wall_9=Wall(8.09179162979126,-4.398023223876953,-0.5577861309051514,8.09179162979126,-0.14434,-0.5577861309051514,3.1,0.0)
wall_11=Wall(-1.2332083702087402,-3.098023223876953,-0.5577861309051514,-0.7082083702087403,-3.098023223876953,-0.5577861309051514,3.1,0.0)
wall_12=Wall(-1.2332083702087402,-3.098023223876953,-0.5577861309051514,-1.2332083702087402,-0.4230232238769531,-0.5577861309051514,3.1,0.0)
wall_13=Wall(-1.2332083702087402,-0.4230232238769531,-0.5577861309051514,-0.7082083702087403,-0.4230232238769531,-0.5577861309051514,3.1,0.0)
wall_14=Wall(-0.7082083702087403,-0.4230232238769531,-0.5577861309051514,-0.7082083702087403,0.3019767761230465,-0.5577861309051514,3.1,0.0)
wall_15=Wall(-1.2332083702087402,0.3019767761230465,-0.5577861309051514,-0.7082083702087403,0.3019767761230465,-0.5577861309051514,3.1,0.0)
wall_16=Wall(-1.2332083702087402,0.3019767761230465,-0.5577861309051514,-1.2332083702087402,9.476976776123045,-0.5577861309051514,3.1,0.0)
wall_19=Wall(7.34179162979126,-0.14434,-0.5577861309051514,7.34179162979126,1.7019767761230469,-0.5577861309051514,3.1,0.0)
wall_20=Wall(7.34179162979126,-0.14434,-0.5577861309051514,8.09179162979126,-0.14434,-0.5577861309051514,3.1,0.0)
wall_22=Wall(7.34179162979126,1.7019767761230469,-0.5577861309051514,8.09179162979126,1.7019767761230469,-0.5577861309051514,3.1,0.0)
wall_24=Wall(8.09179162979126,1.7019767761230469,-0.5577861309051514,8.09179162979126,8.501976776123048,-0.5577861309051514,3.1,0.0)
wall_25=Wall(7.36679162979126,8.501976776123048,-0.5577861309051514,8.09179162979126,8.501976776123048,-0.5577861309051514,3.1,0.0)
wall_26=Wall(7.36679162979126,8.501976776123048,-0.5577861309051514,7.36679162979126,9.476976776123045,-0.5577861309051514,3.1,0.0)
wall_27=Wall(-1.2332083702087402,9.476976776123045,-0.5577861309051514,7.36679162979126,9.476976776123045,-0.5577861309051514,3.1,0.0)
door_2=Door(wall_16,-1.2332083702087402,1.5269767761230462,0.6022139999999999,2.32,2.32)
door_3=Door(wall_12,-1.2332083702087402,-1.776767761230462,0.6022139999999999,2.32,2.32)
door_4=Door(wall_3,0.40298,-4.39704,0.36250899999999997,0.64,1.84059)
door_5=Door(wall_4,0.40298,-4.52224,0.36250899999999997,0.64,1.84059)
window_0=Window(wall_9,8.09179162979126,-1.3730232238769533,0.7672138690948487,2.32,2.32)
window_2=Window(wall_24,8.09179162979126,7.326976776123047,1.5422138690948488,1.72,1.8800000000000001)
window_4=Window(wall_16,-1.2332083702087402,9.101976776123045,1.5422138690948488,0.76,1.8800000000000001)
window_5=Window(wall_27,-0.4582083702087403,9.476976776123045,1.5422138690948488,0.76,1.8800000000000001)
window_6=Window(wall_27,2.16679162979126,9.476976776123045,1.5422138690948488,0.76,1.8800000000000001)
window_7=Window(wall_27,2.99179162979126,9.476976776123045,1.5422138690948488,0.76,1.8800000000000001)
window_8=Window(wall_27,6.24179162979126,9.476976776123045,1.5422138690948488,0.76,1.8800000000000001)
window_9=Window(wall_27,6.96679162979126,9.476976776123045,1.5422138690948488,0.76,1.8800000000000001)
window_10=Window(wall_0,0.9417916297912599,-9.098023223876954,1.7922138690948488,0.76,1.3)
window_11=Window(wall_0,2.79179162979126,-9.098023223876954,1.7922138690948488,0.76,1.3)
bbox_3=Bbox(desk,2.0167916297912596,-8.723023223876954,-0.042161000000000004,-3.1416,1.671875,0.71875,1.03125)
bbox_4=Bbox(chair,0.6917916297912599,-8.123023223876952,0.067214,-0.009817500000000479,0.65625,0.625,1.25)
bbox_5=Bbox(chair,2.0917916297912598,-7.923023223876953,0.067214,-0.7854000000000001,0.65625,0.625,1.25)
bbox_6=Bbox(painting,-0.6832083702087403,-7.898023223876953,1.1172138690948485,-1.5708000000000002,0.921875,0.09375,0.5)
bbox_7=Bbox(printer,-0.2582083702087403,-6.398023223876953,0.11721386909484854,-1.5708000000000002,0.625,0.578125,1.421875)
bbox_8=Bbox(chair,-0.3832083702087403,-5.723023223876953,0.11721386909484854,-1.5708000000000002,0.625,0.578125,1.421875)
bbox_9=Bbox(TV,1.7667916297912596,-5.148023223876953,0.4172138690948486,-0.009817500000000479,1.421875,1.375,1.484375)
bbox_10=Bbox(boxs,4.11679162979126,-5.273023223876953,0.11721386909484854,-1.5708000000000002,1.09375,0.765625,1.40625)
bbox_11=Bbox(boxs,4.09179162979126,-5.273023223876953,0.36721386909484854,-1.5708000000000002,1.09375,0.765625,1.40625)
bbox_16=Bbox(boxs,4.066791629791259,-4.6980232238769535,0.6172138690948485,-0.009817500000000479,0.671875,0.46875,0.359375)
bbox_20=Bbox(boxs,4.066791629791259,-4.673023223876953,0.6172138690948485,-0.009817500000000479,0.671875,0.46875,0.359375)
bbox_26=Bbox(desk,5.316791629791259,1.4486062049865724,0.11242692470550542,-1.5708000000000002,1.65625,0.703125,1.203125)
bbox_27=Bbox(desk,6.11679162979126,1.4486062049865724,0.11242692470550542,-1.5708000000000002,1.65625,0.703125,1.203125)
bbox_29=Bbox(desk,2.66679162979126,1.4486062049865724,0.11242692470550542,-1.5708000000000002,1.65625,0.703125,1.203125)
bbox_30=Bbox(desk,3.6417916297912596,1.4486062049865724,0.11242692470550542,-1.5708000000000002,1.65625,0.703125,1.203125)
bbox_50=Bbox(chair,-0.7582083702087402,-4.101393795013427,-0.03757307529449472,-1.5708000000000002,0.65625,0.859375,0.890625)
bbox_51=Bbox(bookcase,7.166791629791259,-4.051393795013428,0.6624269247055055,-3.1416,1.90625,0.65625,2.28125)
bbox_52=Bbox(bookcase,5.34179162979126,-4.001393795013428,0.6124269247055054,-3.1416,1.84375,0.5625,2.171875)
bbox_54=Bbox(bookcase,-0.8082083702087403,-3.451393795013428,0.6624269247055055,-1.5708000000000002,0.796875,0.390625,2.28125)
bbox_55=Bbox(screen,6.54179162979126,-2.076393795013428,0.7374269247055054,-3.1416,1.578125,0.09375,2.453125)
bbox_56=Bbox(screen,7.541791629791259,-1.5013937950134277,0.7374269247055054,-1.5708000000000002,1.578125,0.09375,2.453125)
bbox_59=Bbox(chair,2.8167916297912594,-1.201393795013428,-0.012573075294494584,-0.5301450000000001,0.609375,0.59375,0.953125)
bbox_61=Bbox(desk,2.0917916297912598,-1.1263937950134277,0.11242692470550542,-1.5708000000000002,1.65625,0.703125,1.203125)
bbox_62=Bbox(desk,3.6417916297912596,-1.1263937950134277,0.11242692470550542,-1.5708000000000002,1.65625,0.703125,1.203125)
bbox_63=Bbox(desk,6.71679162979126,-1.076393795013428,0.11242692470550542,-3.1416,1.265625,1.265625,1.203125)
bbox_66=Bbox(desk,7.541791629791259,-0.6013937950134278,0.11242692470550542,-1.5708000000000002,0.640625,0.640625,1.203125)
bbox_67=Bbox(desk,3.5667916297912594,-0.5513937950134276,0.11242692470550542,-1.5708000000000002,0.796875,0.5625,1.203125)
bbox_68=Bbox(chair,6.34179162979126,0.6486062049865726,0.03742692470550546,-3.1416,0.515625,0.578125,1.046875)
bbox_72=Bbox(chair,4.441791629791259,1.4486062049865724,0.03742692470550546,-0.9915675000000004,0.515625,0.578125,1.046875)
bbox_73=Bbox(desk,2.0917916297912598,1.4486062049865724,0.11242692470550542,-1.5708000000000002,1.65625,0.703125,1.203125)
bbox_74=Bbox(desk,3.5667916297912594,1.4486062049865724,0.11242692470550542,-1.5708000000000002,1.65625,0.703125,1.203125)
bbox_75=Bbox(desk,4.29179162979126,1.4486062049865724,0.11242692470550542,-1.5708000000000002,1.65625,0.703125,1.203125)
bbox_76=Bbox(desk,4.7417916297912596,-1.1263937950134277,0.11242692470550542,-1.5708000000000002,1.65625,0.703125,1.203125)
bbox_77=Bbox(desk,0.57917916297912598,1.4486062049865724,0.11242692470550542,-1.5708000000000002,1.65625,0.703125,1.203125)
bbox_78=Bbox(desk,2.0917916297912598,3.1886062049865724,0.11242692470550542,-1.5708000000000002,1.65625,0.703125,1.203125)
bbox_79=Bbox(desk,3.5667916297912594,3.1886062049865724,0.11242692470550542,-1.5708000000000002,1.65625,0.703125,1.203125)
bbox_80=Bbox(desk,4.29179162979126,3.1886062049865724,0.11242692470550542,-1.5708000000000002,1.65625,0.703125,1.203125)
bbox_81=Bbox(desk,0.57917916297912598,3.1886062049865724,0.11242692470550542,-1.5708000000000002,1.65625,0.703125,1.203125)
bbox_82=Bbox(desk,5.316791629791259,3.1886062049865724,0.11242692470550542,-1.5708000000000002,1.65625,0.703125,1.203125)
bbox_83=Bbox(desk,6.11679162979126,3.1886062049865724,0.11242692470550542,-1.5708000000000002,1.65625,0.703125,1.203125)
bbox_84=Bbox(desk,2.0917916297912598,6.0886062049865724,0.11242692470550542,-1.5708000000000002,1.65625,0.703125,1.203125)
bbox_85=Bbox(desk,3.5667916297912594,6.0886062049865724,0.11242692470550542,-1.5708000000000002,1.65625,0.703125,1.203125)
bbox_86=Bbox(desk,4.29179162979126,6.0886062049865724,0.11242692470550542,-1.5708000000000002,1.65625,0.703125,1.203125)
bbox_87=Bbox(desk,0.57917916297912598,6.0886062049865724,0.11242692470550542,-1.5708000000000002,1.65625,0.703125,1.203125)
bbox_88=Bbox(desk,5.316791629791259,6.0886062049865724,0.11242692470550542,-1.5708000000000002,1.65625,0.703125,1.203125)
bbox_89=Bbox(desk,6.11679162979126,6.0886062049865724,0.11242692470550542,-1.5708000000000002,1.65625,0.703125,1.203125)
bbox_90=Bbox(desk,2.0917916297912598,8.4786062049865724,0.11242692470550542,-0.00000000000002,1.65625,0.703125,1.203125)
bbox_91=Bbox(desk,3.5667916297912594,8.4786062049865724,0.11242692470550542,-0.00000000000002,1.65625,0.703125,1.203125)
bbox_92=Bbox(desk,4.29179162979126,8.4786062049865724,0.11242692470550542,-0.00000000000002,1.65625,0.703125,1.203125)
bbox_93=Bbox(desk,0.57917916297912598,8.4786062049865724,0.11242692470550542,-0.00000000000002,1.65625,0.703125,1.203125)
bbox_94=Bbox(desk,5.316791629791259,8.4786062049865724,0.11242692470550542,-0.00000000000002,1.65625,0.703125,1.203125)
bbox_95=Bbox(desk,6.11679162979126,8.4786062049865724,0.11242692470550542,-0.00000000000002,1.65625,0.703125,1.203125)
