wall_0=Wall(-1.0325581235565406,-7.140201762859313,-1.2259399890899658,3.9174418764434598,-7.140201762859313,-1.2259399890899658,2.2600000000000002,0.0)
wall_1=Wall(-1.0325581235565406,-7.140201762859313,-1.2259399890899658,-1.0325581235565406,-1.465201762859313,-1.2259399890899658,2.2600000000000002,0.0)
wall_2=Wall(3.9174418764434598,-7.140201762859313,-1.2259399890899658,3.9174418764434598,-6.890201762859313,-1.2259399890899658,2.2600000000000002,0.0)
wall_3=Wall(3.9174418764434598,-6.890201762859313,-1.2259399890899658,4.442441876443459,-6.4902017628593125,-1.2259399890899658,2.2600000000000002,0.0)
wall_4=Wall(4.442441876443459,-6.4902017628593125,-1.2259399890899658,4.442441876443459,-6.265201762859313,-1.2259399890899658,2.2600000000000002,0.0)
wall_5=Wall(4.442441876443459,-6.265201762859313,-1.2259399890899658,3.9174418764434598,-5.790201762859313,-1.2259399890899658,2.2600000000000002,0.0)
wall_6=Wall(3.4174418764434598,-5.790201762859313,-1.2259399890899658,3.9174418764434598,-5.790201762859313,-1.2259399890899658,2.2600000000000002,0.0)
wall_7=Wall(3.4174418764434598,-5.790201762859313,-1.2259399890899658,3.4174418764434598,-3.865201762859313,-1.2259399890899658,2.2600000000000002,0.0)
wall_8=Wall(3.5174418764434594,-5.790201762859313,-1.2259399890899658,3.9174418764434598,-5.790201762859313,-1.2259399890899658,2.2600000000000002,0.0)
wall_9=Wall(3.5174418764434594,-5.790201762859313,-1.2259399890899658,3.5174418764434594,-3.865201762859313,-1.2259399890899658,2.2600000000000002,0.0)
wall_10=Wall(3.9174418764434598,-5.790201762859313,-1.2259399890899658,3.9174418764434598,-3.865201762859313,-1.2259399890899658,2.2600000000000002,0.0)
wall_11=Wall(4.442441876443459,-5.515201762859313,-1.2259399890899658,5.9924418764434595,-5.515201762859313,-1.2259399890899658,2.14,0.0)
wall_12=Wall(4.442441876443459,-5.515201762859313,-1.2259399890899658,4.442441876443459,-3.290201762859313,-1.2259399890899658,2.14,0.0)
wall_13=Wall(5.9924418764434595,-5.515201762859313,-1.2259399890899658,5.9924418764434595,-3.290201762859313,-1.2259399890899658,2.14,0.0)
wall_14=Wall(6.192441876443461,-5.515201762859313,-1.2259399890899658,9.76744187644346,-5.515201762859313,-1.2259399890899658,2.2600000000000002,0.0)
wall_15=Wall(6.192441876443461,-5.515201762859313,-1.2259399890899658,6.192441876443461,-2.9402017628593127,-1.2259399890899658,2.2600000000000002,0.0)
wall_16=Wall(9.76744187644346,-5.515201762859313,-1.2259399890899658,9.76744187644346,-5.390201762859313,-1.2259399890899658,2.2600000000000002,0.0)
wall_17=Wall(10.14244187644346,-5.515201762859313,-1.2259399890899658,10.61744187644346,-5.515201762859313,-1.2259399890899658,2.2600000000000002,0.0)
wall_18=Wall(10.14244187644346,-5.515201762859313,-1.2259399890899658,10.14244187644346,-5.390201762859313,-1.2259399890899658,2.2600000000000002,0.0)
wall_19=Wall(10.61744187644346,-5.515201762859313,-1.2259399890899658,10.61744187644346,-3.390201762859313,-1.2259399890899658,2.2600000000000002,0.0)
wall_20=Wall(9.76744187644346,-5.390201762859313,-1.2259399890899658,10.14244187644346,-5.390201762859313,-1.2259399890899658,2.2600000000000002,0.0)
wall_21=Wall(0.09244187644345958,-5.040201762859313,-1.2259399890899658,4.342441876443459,-5.040201762859313,-1.2259399890899658,2.2600000000000002,0.0)
wall_22=Wall(0.09244187644345958,-5.040201762859313,-1.2259399890899658,0.09244187644345958,-4.465201762859313,-1.2259399890899658,2.2600000000000002,0.0)
wall_23=Wall(4.342441876443459,-5.040201762859313,-1.2259399890899658,4.342441876443459,-3.865201762859313,-1.2259399890899658,2.2600000000000002,0.0)
wall_24=Wall(-0.9575581235565407,-5.015201762859313,-1.2259399890899658,-0.1075581235565406,-5.015201762859313,-1.2259399890899658,2.2600000000000002,0.0)
wall_25=Wall(-0.9575581235565407,-5.015201762859313,-1.2259399890899658,-0.9575581235565407,-1.465201762859313,-1.2259399890899658,2.2600000000000002,0.0)
wall_26=Wall(-0.1075581235565406,-5.015201762859313,-1.2259399890899658,-0.1075581235565406,-4.465201762859313,-1.2259399890899658,2.2600000000000002,0.0)
wall_27=Wall(-0.1075581235565406,-4.465201762859313,-1.2259399890899658,0.09244187644345958,-4.465201762859313,-1.2259399890899658,2.2600000000000002,0.0)
wall_28=Wall(4.342441876443459,-3.865201762859313,-1.2259399890899658,4.442441876443459,-3.865201762859313,-1.2259399890899658,2.2600000000000002,0.0)
wall_29=Wall(3.9174418764434598,-3.865201762859313,-1.2259399890899658,4.442441876443459,-3.865201762859313,-1.2259399890899658,2.2600000000000002,0.0)
wall_30=Wall(4.442441876443459,-3.865201762859313,-1.2259399890899658,4.442441876443459,-2.9402017628593127,-1.2259399890899658,2.2600000000000002,0.0)
wall_31=Wall(9.84244187644346,-3.390201762859313,-1.2259399890899658,10.61744187644346,-3.390201762859313,-1.2259399890899658,2.2600000000000002,0.0)
wall_32=Wall(9.84244187644346,-3.390201762859313,-1.2259399890899658,9.84244187644346,-1.9902017628593134,-1.2259399890899658,2.2600000000000002,0.0)
wall_33=Wall(3.4174418764434598,-3.865201762859313,-1.2259399890899658,4.342441876443459,-3.865201762859313,-1.2259399890899658,2.2600000000000002,0.0)
wall_34=Wall(4.342441876443459,-3.865201762859313,-1.2259399890899658,4.342441876443459,-2.9402017628593127,-1.2259399890899658,2.2600000000000002,0.0)
wall_35=Wall(4.442441876443459,-3.290201762859313,-1.2259399890899658,5.9924418764434595,-3.290201762859313,-1.2259399890899658,2.14,0.0)
wall_36=Wall(4.342441876443459,-2.9402017628593127,-1.2259399890899658,4.442441876443459,-2.9402017628593127,-1.2259399890899658,2.2600000000000002,0.0)
wall_37=Wall(4.442441876443459,-2.9402017628593127,-1.2259399890899658,4.442441876443459,1.3097982371406873,-1.2259399890899658,2.2600000000000002,0.0)
wall_38=Wall(4.442441876443459,-2.9402017628593127,-1.2259399890899658,6.1174418764434595,-2.9402017628593127,-1.2259399890899658,2.2600000000000002,0.0)
wall_39=Wall(6.1174418764434595,-2.9402017628593127,-1.2259399890899658,6.1174418764434595,-1.9902017628593134,-1.2259399890899658,2.2600000000000002,0.0)
wall_40=Wall(6.192441876443461,-2.9402017628593127,-1.2259399890899658,6.192441876443461,-1.9902017628593134,-1.2259399890899658,2.2600000000000002,0.0)
wall_41=Wall(4.442441876443459,-1.9902017628593134,-1.2259399890899658,6.1174418764434595,-1.9902017628593134,-1.2259399890899658,2.2600000000000002,0.0)
wall_42=Wall(4.442441876443459,-1.9902017628593134,-1.2259399890899658,4.442441876443459,0.03479823714068697,-1.2259399890899658,2.2600000000000002,0.0)
wall_43=Wall(6.192441876443461,-1.9902017628593134,-1.2259399890899658,9.84244187644346,-1.9902017628593134,-1.2259399890899658,2.2600000000000002,0.0)
wall_44=Wall(6.192441876443461,-1.8902017628593129,-1.2259399890899658,10.61744187644346,-1.8902017628593129,-1.2259399890899658,2.2600000000000002,0.0)
wall_45=Wall(6.192441876443461,-1.8902017628593129,-1.2259399890899658,6.192441876443461,0.03479823714068697,-1.2259399890899658,2.2600000000000002,0.0)
wall_46=Wall(10.61744187644346,-1.8902017628593129,-1.2259399890899658,10.61744187644346,1.2097982371406877,-1.2259399890899658,2.2600000000000002,0.0)
wall_47=Wall(-0.9575581235565407,-1.465201762859313,-1.2259399890899658,0.09244187644345958,-1.465201762859313,-1.2259399890899658,2.2600000000000002,0.0)
wall_48=Wall(0.09244187644345958,-1.465201762859313,-1.2259399890899658,0.09244187644345958,-1.2652017628593129,-1.2259399890899658,2.2600000000000002,0.0)
wall_49=Wall(-2.1075581235565406,-1.340201762859313,-1.2259399890899658,-0.1075581235565406,-1.340201762859313,-1.2259399890899658,2.2600000000000002,0.0)
wall_50=Wall(-2.1075581235565406,-1.340201762859313,-1.2259399890899658,-2.1075581235565406,1.0097982371406866,-1.2259399890899658,2.2600000000000002,0.0)
wall_51=Wall(-0.1075581235565406,-1.340201762859313,-1.2259399890899658,-0.1075581235565406,1.3097982371406873,-1.2259399890899658,2.2600000000000002,0.0)
wall_52=Wall(0.09244187644345958,-1.2652017628593129,-1.2259399890899658,0.09244187644345958,1.3097982371406873,-1.2259399890899658,2.2600000000000002,0.0)
wall_53=Wall(4.442441876443459,0.03479823714068697,-1.2259399890899658,6.192441876443461,0.03479823714068697,-1.2259399890899658,2.2600000000000002,0.0)
wall_54=Wall(-2.1075581235565406,1.0097982371406866,-1.2259399890899658,-1.6825581235565406,1.0097982371406866,-1.2259399890899658,2.2600000000000002,0.0)
wall_55=Wall(-1.6825581235565406,1.0097982371406866,-1.2259399890899658,-1.6825581235565406,1.3097982371406873,-1.2259399890899658,2.2600000000000002,0.0)
wall_56=Wall(10.04244187644346,1.2097982371406877,-1.2259399890899658,10.61744187644346,1.2097982371406877,-1.2259399890899658,2.2600000000000002,0.0)
wall_57=Wall(10.04244187644346,1.2097982371406877,-1.2259399890899658,10.04244187644346,1.2097982371406877,-1.2259399890899658,2.2600000000000002,0.0)
wall_58=Wall(10.04244187644346,1.2097982371406877,-1.2259399890899658,10.04244187644346,1.2097982371406877,-1.2259399890899658,2.2600000000000002,0.0)
wall_59=Wall(-1.6825581235565406,1.3097982371406873,-1.2259399890899658,-0.1075581235565406,1.3097982371406873,-1.2259399890899658,2.2600000000000002,0.0)
wall_60=Wall(0.09244187644345958,1.3097982371406873,-1.2259399890899658,2.7174418764434596,1.3097982371406873,-1.2259399890899658,2.2600000000000002,0.0)
wall_61=Wall(2.7174418764434596,1.3097982371406873,-1.2259399890899658,2.7174418764434596,3.4347982371406873,-1.2259399890899658,2.2600000000000002,0.0)
wall_62=Wall(4.442441876443459,1.3097982371406873,-1.2259399890899658,4.54244187644346,1.3097982371406873,-1.2259399890899658,2.2600000000000002,0.0)
wall_63=Wall(4.442441876443459,1.3097982371406873,-1.2259399890899658,4.442441876443459,3.1347982371406866,-1.2259399890899658,2.2600000000000002,0.0)
wall_64=Wall(4.54244187644346,1.3097982371406873,-1.2259399890899658,4.54244187644346,3.1347982371406866,-1.2259399890899658,2.2600000000000002,0.0)
wall_65=Wall(6.442441876443461,1.3097982371406873,-1.2259399890899658,8.46744187644346,1.3097982371406873,-1.2259399890899658,2.2600000000000002,0.0)
wall_66=Wall(6.442441876443461,1.3097982371406873,-1.2259399890899658,6.442441876443461,1.409798237140687,-1.2259399890899658,2.2600000000000002,0.0)
wall_67=Wall(8.46744187644346,1.3097982371406873,-1.2259399890899658,8.46744187644346,4.134798237140687,-1.2259399890899658,2.2600000000000002,0.0)
wall_68=Wall(8.56744187644346,1.3097982371406873,-1.2259399890899658,9.94244187644346,1.3097982371406873,-1.2259399890899658,2.2600000000000002,0.0)
wall_69=Wall(8.56744187644346,1.3097982371406873,-1.2259399890899658,8.56744187644346,4.134798237140687,-1.2259399890899658,2.2600000000000002,0.0)
wall_70=Wall(9.94244187644346,1.3097982371406873,-1.2259399890899658,9.94244187644346,1.9597982371406877,-1.2259399890899658,2.2600000000000002,0.0)
wall_71=Wall(6.442441876443461,1.409798237140687,-1.2259399890899658,6.4924418764434595,1.409798237140687,-1.2259399890899658,2.2600000000000002,0.0)
wall_72=Wall(6.4924418764434595,1.409798237140687,-1.2259399890899658,6.4924418764434595,1.4347982371406873,-1.2259399890899658,2.2600000000000002,0.0)
wall_73=Wall(6.4924418764434595,1.4347982371406873,-1.2259399890899658,6.4924418764434595,1.4847982371406863,-1.2259399890899658,2.2600000000000002,0.0)
wall_74=Wall(6.4924418764434595,1.4847982371406863,-1.2259399890899658,6.4924418764434595,1.534798237140687,-1.2259399890899658,2.2600000000000002,0.0)
wall_75=Wall(6.4924418764434595,1.534798237140687,-1.2259399890899658,6.4924418764434595,1.5597982371406873,-1.2259399890899658,2.2600000000000002,0.0)
wall_76=Wall(6.4924418764434595,1.5597982371406873,-1.2259399890899658,6.4924418764434595,1.5597982371406873,-1.2259399890899658,2.2600000000000002,0.0)
wall_77=Wall(6.4924418764434595,1.5597982371406873,-1.2259399890899658,6.4924418764434595,1.5597982371406873,-1.2259399890899658,2.2600000000000002,0.0)
wall_78=Wall(9.94244187644346,1.9597982371406877,-1.2259399890899658,10.04244187644346,1.9597982371406877,-1.2259399890899658,2.2600000000000002,0.0)
wall_79=Wall(10.04244187644346,1.9597982371406877,-1.2259399890899658,10.04244187644346,3.7597982371406866,-1.2259399890899658,2.2600000000000002,0.0)
wall_80=Wall(0.09244187644345958,1.6347982371406866,-1.2259399890899658,2.617441876443459,1.6347982371406866,-1.2259399890899658,2.2600000000000002,0.0)
wall_81=Wall(0.09244187644345958,1.6347982371406866,-1.2259399890899658,0.09244187644345958,3.159798237140687,-1.2259399890899658,2.2600000000000002,0.0)
wall_82=Wall(2.617441876443459,1.6347982371406866,-1.2259399890899658,2.617441876443459,3.159798237140687,-1.2259399890899658,2.2600000000000002,0.0)
wall_83=Wall(4.442441876443459,3.1347982371406866,-1.2259399890899658,4.467441876443459,3.159798237140687,-1.2259399890899658,2.2600000000000002,0.0)
wall_84=Wall(4.467441876443459,3.159798237140687,-1.2259399890899658,4.467441876443459,6.009798237140687,-1.2259399890899658,2.2600000000000002,0.0)
wall_85=Wall(0.09244187644345958,3.159798237140687,-1.2259399890899658,0.5174418764434594,3.159798237140687,-1.2259399890899658,2.2600000000000002,0.0)
wall_86=Wall(0.5174418764434594,3.159798237140687,-1.2259399890899658,0.5174418764434594,3.3347982371406877,-1.2259399890899658,2.2600000000000002,0.0)
wall_87=Wall(4.467441876443459,3.159798237140687,-1.2259399890899658,6.4924418764434595,3.159798237140687,-1.2259399890899658,2.2600000000000002,0.0)
wall_88=Wall(6.4924418764434595,3.159798237140687,-1.2259399890899658,6.4924418764434595,3.2097982371406877,-1.2259399890899658,2.2600000000000002,0.0)
wall_89=Wall(6.4924418764434595,3.2097982371406877,-1.2259399890899658,6.4924418764434595,3.2097982371406877,-1.2259399890899658,2.2600000000000002,0.0)
wall_90=Wall(6.4924418764434595,3.2097982371406877,-1.2259399890899658,6.4924418764434595,3.2097982371406877,-1.2259399890899658,2.2600000000000002,0.0)
wall_91=Wall(0.09244187644345958,3.3347982371406877,-1.2259399890899658,0.5174418764434594,3.3347982371406877,-1.2259399890899658,2.2600000000000002,0.0)
wall_92=Wall(0.09244187644345958,3.3347982371406877,-1.2259399890899658,0.09244187644345958,6.009798237140687,-1.2259399890899658,2.2600000000000002,0.0)
wall_93=Wall(9.94244187644346,3.7597982371406866,-1.2259399890899658,10.04244187644346,3.7597982371406866,-1.2259399890899658,2.2600000000000002,0.0)
wall_94=Wall(9.94244187644346,3.7597982371406866,-1.2259399890899658,9.94244187644346,4.159798237140687,-1.2259399890899658,2.2600000000000002,0.0)
wall_95=Wall(10.04244187644346,3.8847982371406866,-1.2259399890899658,10.04244187644346,4.159798237140687,-1.2259399890899658,2.2600000000000002,0.0)
wall_96=Wall(10.04244187644346,3.8847982371406866,-1.2259399890899658,10.04244187644346,4.159798237140687,-1.2259399890899658,2.2600000000000002,0.0)
wall_97=Wall(10.04244187644346,4.159798237140687,-1.2259399890899658,10.04244187644346,4.159798237140687,-1.2259399890899658,2.2600000000000002,0.0)
wall_98=Wall(10.04244187644346,4.159798237140687,-1.2259399890899658,10.04244187644346,4.159798237140687,-1.2259399890899658,2.2600000000000002,0.0)
wall_99=Wall(10.04244187644346,4.159798237140687,-1.2259399890899658,10.04244187644346,4.159798237140687,-1.2259399890899658,2.2600000000000002,0.0)
wall_100=Wall(10.04244187644346,4.159798237140687,-1.2259399890899658,10.04244187644346,4.159798237140687,-1.2259399890899658,2.2600000000000002,0.0)
wall_11=Wall(9.94244187644346,4.159798237140687,-1.2259399890899658,10.04244187644346,4.159798237140687,-1.2259399890899658,2.2600000000000002,0.0)
wall_12=Wall(10.04244187644346,4.159798237140687,-1.2259399890899658,10.04244187644346,4.159798237140687,-1.2259399890899658,2.2600000000000002,0.0)
wall_13=Wall(10.04244187644346,4.159798237140687,-1.2259399890899658,10.04244187644346,4.159798237140687,-1.2259399890899658,2.2600000000000002,0.0)
wall_14=Wall(4.467441876443459,4.159798237140687,-1.2259399890899658,4.467441876443459,4.209798237140688,-1.2259399890899658,2.2600000000000002,0.0)
wall_15=Wall(4.467441876443459,4.159798237140687,-1.2259399890899658,4.467441876443459,6.009798237140687,-1.2259399890899658,2.2600000000000002,0.0)
wall_16=Wall(4.467441876443459,4.209798237140688,-1.2259399890899658,4.467441876443459,4.234798237140686,-1.2259399890899658,2.2600000000000002,0.0)
wall_17=Wall(4.467441876443459,4.234798237140686,-1.2259399890899658,4.467441876443459,6.009798237140687,-1.2259399890899658,2.2600000000000002,0.0)
wall_18=Wall(4.467441876443459,6.009798237140687,-1.2259399890899658,4.467441876443459,6.009798237140687,-1.2259399890899658,2.2600000000000002,0.0)
wall_19=Wall(0.09244187644345958,6.009798237140687,-1.2259399890899658,4.467441876443459,6.009798237140687,-1.2259399890899658,2.2600000000000002,0.0)
wall_20=Wall(4.467441876443459,6.009798237140687,-1.2259399890899658,10.04244187644346,6.009798237140687,-1.2259399890899658,2.2600000000000002,0.0)
door_0=Door(wall_35,5.54244187644346,-3.290201762859313,-0.22593998908996582,0.8400000000000001,1.9800000000000002)
door_1=Door(wall_38,5.54244187644346,-2.9402017628593127,-0.22593998908996582,0.8400000000000001,1.9800000000000002)
door_2=Door(wall_30,4.442441876443459,-2.415201762859313,-0.22593998908996582,0.8400000000000001,1.9800000000000002)
door_3=Door(wall_39,6.1174418764434595,-2.415201762859313,-0.22593998908996582,0.8400000000000001,1.9800000000000002)
door_4=Door(wall_41,4.967441876443459,-1.9902017628593134,-0.22593998908996582,0.8400000000000001,1.9800000000000002)
door_5=Door(wall_51,-0.1075581235565406,-0.19020176285931267,-0.17593998908996578,2.0,2.06)
door_6=Door(wall_48,0.09244187644345958,-0.19020176285931267,-0.17593998908996578,2.0,2.06)
door_7=Door(wall_34,6.192441876443461,-0.1652017628593132,-0.22593998908996582,0.8400000000000001,1.9800000000000002)
door_8=Door(wall_43,6.842441876443459,-0.1652017628593132,-0.22593998908996582,0.8400000000000001,1.9800000000000002)
door_9=Door(wall_64,4.467441876443459,0.5597982371406873,-0.22593998908996582,0.8400000000000001,1.9800000000000002)
door_10=Door(wall_67,8.46744187644346,2.8597982371406863,-0.17593998908996578,2.0,2.06)
door_11=Door(wall_69,8.56744187644346,2.8597982371406863,-0.17593998908996578,2.0,2.06)
door_12=Door(wall_84,4.467441876443459,3.6347982371406866,-0.17593998908996578,0.8400000000000001,2.06)
door_13=Door(wall_20,3.8174418764434592,6.009798237140687,-0.17593998908996578,1.06,2.06)
window_0=Window(wall_0,1.8174418764434592,-7.140201762859313,-0.07593998908996591,3.0600000000000005,1.9800000000000002)
window_1=Window(wall_0,3.9674418764434596,-6.690201762859313,-0.07593998908996591,0.7000000000000001,1.9800000000000002)
window_2=Window(wall_3,4.217441876443459,-6.565201762859314,-0.07593998908996591,0.48,1.9800000000000002)
window_3=Window(wall_1,-1.0325581235565406,-6.465201762859313,-0.07593998908996591,1.1800000000000002,1.9800000000000002)
bbox_0=Bbox(curtain,3.367441876443459,-6.965201762859313,-0.050939989089965776,-3.1416,1.0,0.15625,2.34375)
bbox_1=Bbox(curtain,4.217441876443459,-6.965201762859313,-0.050939989089965776,-3.1416,0.765625,0.15625,2.34375)
bbox_2=Bbox(stool,1.5924418764434596,-6.665201762859313,-1.0509399890899658,-0.009817500000000479,1.296875,0.328125,0.359375)
bbox_3=Bbox(clothes_rack,0.7424418764434595,-6.440201762859314,-0.10093998908996582,-3.1416,1.703125,0.671875,2.234375)
bbox_4=Bbox(plants,2.6924418764434592,-6.190201762859314,-0.9509399890899658,-3.1416,0.359375,0.390625,0.546875)
bbox_5=Bbox(plants,3.3924418764434594,-5.915201762859313,-1.0259399890899659,-3.1416,0.28125,0.15625,0.40625)
bbox_6=Bbox(plants,0.5674418764434592,-5.815201762859314,-0.9009399890899659,-3.1416,0.71875,0.3125,0.65625)
bbox_7=Bbox(hand_sink,4.717441876443459,-5.165201762859313,-1.075939989089966,-1.5708000000000002,0.5,0.328125,0.3125)
bbox_8=Bbox(nightstand,9.76744187644346,-5.165201762859313,-1.0009399890899657,-3.1416,0.40625,0.40625,0.484375)
bbox_9=Bbox(curtain,10.51744187644346,-5.090201762859313,-0.050939989089965776,-1.5708000000000002,0.5,0.15625,2.34375)
bbox_10=Bbox(mirror,3.4674418764434596,-5.090201762859313,-0.22593998908996582,-1.5708000000000002,0.515625,0.09375,1.421875)
bbox_11=Bbox(shower,4.942441876443459,-5.065201762859314,0.04906001091003409,-1.5708000000000002,0.328125,0.5,1.265625)
bbox_12=Bbox(mirror,4.6174418764434595,-5.040201762859313,0.02406001091003418,-1.5708000000000002,0.546875,0.09375,1.703125)
bbox_13=Bbox(curtain,-0.8825581235565405,-4.690201762859314,-0.050939989089965776,-1.5708000000000002,1.0,0.15625,2.34375)
bbox_14=Bbox(clothes_rack,5.1174418764434595,-4.665201762859313,-0.22593998908996582,-3.1416,0.515625,1.90625,2.0)
bbox_15=Bbox(toilet,4.89244187644346,-4.390201762859313,-1.0259399890899659,-1.5708000000000002,0.34375,0.609375,0.421875)
bbox_16=Bbox(shower_room,5.39244187644346,-4.3652017628593125,-0.27593998908996586,-3.1416,1.5,0.296875,1.921875)
bbox_17=Bbox(sofa,1.0924418764434596,-4.265201762859313,-0.8009399890899658,-1.5708000000000002,3.015625,0.984375,0.859375)
bbox_18=Bbox(curtain,-0.8825581235565405,-4.265201762859313,-0.050939989089965776,-1.5708000000000002,1.0,0.15625,2.34375)
bbox_19=Bbox(coffee_table,1.9674418764434596,-4.265201762859313,-0.9759399890899658,-1.5708000000000002,1.234375,0.65625,0.515625)
bbox_20=Bbox(carpet,8.19244187644346,-4.065201762859314,-1.2259399890899658,-3.1416,2.15625,1.5625,0.09375)
bbox_21=Bbox(bed,8.41744187644346,-4.390201762859313,-0.7509399890899658,-3.1416,2.109375,2.265625,0.96875)
bbox_22=Bbox(bar_chair,-0.15755812355654042,-4.065201762859314,-0.6759399890899658,-1.5708000000000002,0.46875,0.484375,1.125)
bbox_23=Bbox(bar,0.16744187644345931,-4.040201762859313,-0.5009399890899658,-1.5708000000000002,2.125,0.734375,1.484375)
bbox_24=Bbox(bathroom_cabinet,4.842441876443459,-3.715201762859313,-0.27593998908996586,-1.5708000000000002,0.8125,0.46875,1.421875)
bbox_25=Bbox(mirror,4.41744187644346,-3.665201762859313,-0.07593998908996591,-1.5708000000000002,0.515625,0.09375,1.421875)
bbox_26=Bbox(curtain,-0.8825581235565405,-2.1902017628593127,-0.050939989089965776,-1.5708000000000002,1.0,0.15625,2.34375)
bbox_27=Bbox(curtain,-0.8825581235565405,-2.1902017628593127,-0.050939989089965776,-1.5708000000000002,1.0,0.15625,2.34375)
bbox_28=Bbox(tv_cabinet,7.14244187644346,-2.1152017628593134,-1.0259399890899659,-3.1416,1.359375,0.359375,0.40625)
bbox_29=Bbox(curtain,10.16744187644346,-1.8652017628593134,-0.050939989089965776,-3.1416,0.859375,0.15625,2.34375)
bbox_30=Bbox(nightstand,9.79244187644346,-1.6152017628593134,-1.0009399890899657,-3.1416,0.40625,0.40625,0.484375)
bbox_31=Bbox(nightstand,7.592441876443459,-1.6152017628593134,-1.0009399890899657,-3.1416,0.40625,0.40625,0.484375)
bbox_32=Bbox(washing_cabinet,-0.43255812355654055,-1.6152017628593134,-0.12593998908996573,-3.1416,0.9375,0.578125,2.1875)
bbox_33=Bbox(dining_chair,1.5924418764434596,-0.840201762859313,-0.8259399890899658,-3.1416,0.390625,0.453125,0.78125)
bbox_34=Bbox(dining_chair,2.242441876443459,-0.840201762859313,-0.8259399890899658,-3.1416,0.390625,0.453125,0.78125)
bbox_35=Bbox(bed,8.61744187644346,-0.7402017628593134,-0.8259399890899658,-3.1416,1.6875,2.15625,0.796875)
bbox_36=Bbox(carpet,5.2424418764434595,-0.715201762859313,-1.200939989089966,-1.5708000000000002,1.046875,1.046875,0.09375)
bbox_37=Bbox(curtain,10.51744187644346,-0.6652017628593132,-0.050939989089965776,-1.5708000000000002,1.65625,0.15625,2.34375)
bbox_38=Bbox(dining_chair,2.7674418764434594,-0.3152017628593127,-0.8509399890899658,-1.5708000000000002,0.4375,0.421875,0.71875)
bbox_39=Bbox(dining_chair,0.8924418764434594,-0.2902017628593132,-0.8509399890899658,-1.5708000000000002,0.4375,0.421875,0.71875)
bbox_40=Bbox(wardrobe,5.7424418764434595,-0.26520176285931285,-0.050939989089965776,-3.1416,2.171875,0.53125,2.34375)
bbox_41=Bbox(curtain,10.54244187644346,0.6097982371406863,-0.050939989089965776,-1.5708000000000002,1.3125,0.15625,2.34375)
bbox_42=Bbox(desk,10.31744187644346,0.6347982371406866,-0.6759399890899658,-1.5708000000000002,1.109375,0.515625,1.125)
bbox_43=Bbox(chair,1.4924418764434595,0.7097982371406877,-0.8259399890899658,-3.1416,0.515625,0.515625,0.796875)
bbox_44=Bbox(painting,5.14244187644346,1.034798237140687,-0.25093998908996573,-3.1416,1.421875,0.09375,1.953125)
bbox_45=Bbox(cupboard,1.4174418764434593,1.1847982371406873,-0.6759399890899658,-3.1416,2.109375,0.390625,1.125)
bbox_46=Bbox(wine_cabinet,1.4174418764434593,1.1847982371406873,-0.050939989089965776,-3.1416,2.109375,0.390625,2.34375)
bbox_47=Bbox(washing_machine,9.54244187644346,1.8097982371406873,-0.8759399890899658,-3.1416,0.546875,0.5625,0.734375)
bbox_48=Bbox(bathroom_cabinet,2.117441876443459,1.8347982371406877,-0.12593998908996573,-3.1416,0.859375,0.5,1.765625)
bbox_49=Bbox(toilet,1.2674418764434594,1.9347982371406873,-1.0259399890899659,-3.1416,0.34375,0.640625,0.421875)
bbox_50=Bbox(nightstand,5.967441876443459,1.5597982371406873,-1.0009399890899657,-3.1416,0.453125,0.40625,0.484375)
bbox_51=Bbox(nightstand,8.01744187644346,1.5847982371406877,-1.0009399890899657,-3.1416,0.453125,0.40625,0.484375)
bbox_52=Bbox(wardrobe,4.942441876443459,2.0847982371406877,-0.050939989089965776,-1.5708000000000002,1.734375,0.515625,2.34375)
bbox_53=Bbox(wardrobe,9.79244187644346,2.2097982371406877,-0.050939989089965776,-3.1416,2.03125,1.046875,2.34375)
bbox_54=Bbox(painting,1.0924418764434596,2.3847982371406866,0.22406001091003414,-1.5708000000000002,1.703125,0.09375,0.5625)
bbox_55=Bbox(bed,6.967441876443459,2.4347982371406873,-0.7009399890899658,-3.1416,1.71875,2.15625,1.0625)
bbox_56=Bbox(chair,1.4174418764434593,2.5847982371406877,-1.0259399890899659,-3.1416,0.390625,0.453125,0.40625)
bbox_57=Bbox(curtain,8.41744187644346,2.6347982371406866,-0.050939989089965776,-1.5708000000000002,2.65625,0.09375,2.34375)
bbox_58=Bbox(curtain,0.09244187644345958,4.259798237140687,-0.050939989089965776,-1.5708000000000002,2.1875,0.140625,2.34375)
bbox_59=Bbox(clothes_rack,9.34244187644346,4.259798237140687,0.6240600109100343,-3.1416,1.625,0.671875,0.859375)
bbox_60=Bbox(curtain,4.39244187644346,4.259798237140687,-0.050939989089965776,-1.5708000000000002,3.46875,0.09375,2.34375)
bbox_61=Bbox(curtain,0.1424418764434594,5.584798237140688,-0.050939989089965776,-1.5708000000000002,1.0,0.15625,2.34375)
bbox_0=Bbox(curtain,3.492441876443459,-6.940201762859313,-0.050939989089965776,-0.009817500000000479,1.125,0.109375,2.359375)
bbox_1=Bbox(curtain,0.19244187644345923,-6.940201762859313,-0.050939989089965776,-3.1416,1.125,0.109375,2.359375)
bbox_2=Bbox(curtain,-0.9575581235565407,-5.940201762859314,-0.050939989089965776,-1.5708000000000002,1.125,0.109375,2.359375)
bbox_3=Bbox(washing_cabinet,-0.43255812355654055,-4.765201762859313,-0.6759399890899658,-3.1416,0.625,0.515625,1.0625)
bbox_4=Bbox(shower,4.942441876443459,-4.765201762859313,0.09906001091003414,-1.5708000000000002,0.328125,0.484375,1.25)
bbox_5=Bbox(shower,6.342441876443459,-4.765201762859313,0.09906001091003414,-1.5708000000000002,0.328125,0.484375,1.25)
bbox_6=Bbox(toilet,4.967441876443459,-4.340201762859313,-1.0259399890899659,-1.5708000000000002,0.359375,0.609375,0.4375)
bbox_8=Bbox(curtain,10.56744187644346,-4.315201762859314,-0.050939989089965776,-1.5708000000000002,1.875,0.109375,2.359375)
bbox_9=Bbox(sofa,0.9424418764434592,-4.165201762859313,-0.8259399890899658,-1.5708000000000002,3.171875,0.96875,0.78125)
bbox_10=Bbox(bar_chair,-0.1325581235565405,-4.040201762859313,-0.6759399890899658,-1.5708000000000002,0.484375,0.4375,1.09375)
bbox_11=Bbox(shower_room,5.3674418764434595,-3.815201762859313,-0.2009399890899659,-1.5708000000000002,1.34375,1.421875,2.03125)
bbox_12=Bbox(carpet,8.46744187644346,-3.790201762859313,-1.2259399890899658,-3.1416,2.921875,1.859375,0.09375)
bbox_13=Bbox(bathroom_cabinet,4.842441876443459,-3.690201762859313,-0.27593998908996586,-1.5708000000000002,0.84375,0.484375,1.484375)
bbox_14=Bbox(bar_chair,-0.1075581235565406,-3.390201762859313,-0.40093998908996586,-1.5708000000000002,0.609375,0.453125,1.640625)
bbox_15=Bbox(plants,3.992441876443459,-3.290201762859313,-0.6009399890899658,-1.5708000000000002,0.5625,0.609375,1.25)
bbox_16=Bbox(stool,1.6674418764434598,-2.290201762859313,-1.075939989089966,-3.1416,0.453125,0.453125,0.25)
bbox_17=Bbox(curtain,-0.9575581235565407,-2.215201762859313,-0.050939989089965776,-1.5708000000000002,0.515625,0.109375,2.359375)
bbox_18=Bbox(tv_cabinet,7.092441876443459,-2.1152017628593134,-1.0259399890899659,-3.1416,1.359375,0.359375,0.40625)
bbox_19=Bbox(curtain,10.19244187644346,-1.7402017628593134,-0.050939989089965776,-3.1416,0.859375,0.109375,2.359375)
bbox_20=Bbox(nightstand,7.592441876443459,-1.6402017628593129,-1.0009399890899657,-3.1416,0.390625,0.390625,0.4375)
bbox_21=Bbox(nightstand,9.71744187644346,-1.6402017628593129,-1.0009399890899657,-3.1416,0.390625,0.390625,0.4375)
bbox_22=Bbox(curtain,10.56744187644346,-1.465201762859313,-0.050939989089965776,-1.5708000000000002,0.46875,0.109375,2.359375)
bbox_23=Bbox(washing_machine,-0.3825581235565405,-1.0152017628593129,-0.8259399890899658,-3.1416,0.53125,0.546875,0.765625)
bbox_24=Bbox(washing_machine,-0.3825581235565405,-1.0152017628593129,-0.025939989089965865,-3.1416,0.53125,0.546875,0.765625)
bbox_25=Bbox(dining_chair,1.6424418764434594,-0.8152017628593127,-0.8509399890899658,-3.1416,0.421875,0.46875,0.75)
bbox_26=Bbox(dining_chair,2.2924418764434598,-0.8152017628593127,-0.8509399890899658,-3.1416,0.421875,0.46875,0.75)
bbox_27=Bbox(dining_chair,2.8174418764434592,-0.3152017628593127,-0.8509399890899658,-1.5708000000000002,0.421875,0.46875,0.75)
bbox_28=Bbox(dining_table,1.9424418764434592,-0.3152017628593127,-0.7009399890899658,-3.1416,1.765625,0.828125,1.046875)
bbox_29=Bbox(dining_chair,0.9424418764434592,-0.24020176285931338,-0.8509399890899658,-1.5708000000000002,0.421875,0.46875,0.75)
bbox_30=Bbox(dining_chair,2.2924418764434598,0.05979823714068733,-0.8509399890899658,-3.1416,0.421875,0.46875,0.75)
bbox_32=Bbox(carpet,8.36744187644346,0.18479823714068733,-1.2259399890899658,-3.1416,2.609375,1.859375,0.09375)
bbox_33=Bbox(dining_chair,1.4174418764434593,0.7097982371406877,-0.8509399890899658,-3.1416,0.421875,0.46875,0.75)
bbox_34=Bbox(dining_chair,1.8924418764434594,0.7097982371406877,-0.8509399890899658,-3.1416,0.421875,0.46875,0.75)
bbox_35=Bbox(curtain,10.56744187644346,0.9347982371406873,-0.050939989089965776,-1.5708000000000002,0.46875,0.109375,2.359375)
bbox_36=Bbox(painting,5.067441876443459,0.9847982371406863,-0.27593998908996586,-3.1416,1.015625,0.09375,1.875)
bbox_37=Bbox(wine_cabinet,1.3424418764434596,1.1097982371406863,-0.025939989089965865,-3.1416,2.703125,0.390625,2.390625)
bbox_38=Bbox(nightstand,5.91744187644346,1.534798237140687,-1.0009399890899657,-3.1416,0.390625,0.390625,0.4375)
bbox_39=Bbox(nightstand,7.9924418764434595,1.534798237140687,-1.0009399890899657,-3.1416,0.390625,0.390625,0.4375)
bbox_40=Bbox(bathroom_cabinet,2.117441876443459,1.8097982371406873,-0.12593998908996573,-3.1416,0.921875,0.53125,1.6875)
bbox_41=Bbox(toilet,1.2924418764434593,1.9347982371406873,-1.0259399890899659,-3.1416,0.359375,0.609375,0.4375)
bbox_43=Bbox(wardrobe,4.7424418764434595,2.4847982371406863,-0.17593998908996578,-1.5708000000000002,2.78125,0.46875,2.09375)
bbox_44=Bbox(curtain,8.41744187644346,2.5597982371406873,-0.050939989089965776,-1.5708000000000002,2.90625,0.109375,2.359375)
bbox_45=Bbox(clothes_rack,9.26744187644346,3.2597982371406866,0.5240600109100342,-1.5708000000000002,1.578125,0.625,0.90625)
bbox_46=Bbox(curtain,9.91744187644346,3.9347982371406873,-0.050939989089965776,-3.1416,0.859375,0.109375,2.359375)
bbox_47=Bbox(curtain,0.1424418764434594,4.334798237140688,-0.050939989089965776,-1.5708000000000002,2.90625,0.109375,2.359375)
bbox_48=Bbox(curtain,0.1424418764434594,5.484798237140686,-0.050939989089965776,-1.5708000000000002,1.125,0.109375,2.359375)
bbox_49=Bbox(bookcase,1.6424418764434594,5.784798237140687,-0.17593998908996578,-3.1416,3.03125,0.359375,2.09375)
bbox_0=Bbox(curtain,3.5674418764434592,-6.965201762859313,-0.07593998908996591,-3.1416,1.640625,0.125,2.28125)
bbox_1=Bbox(curtain,0.1424418764434594,-6.965201762859313,-0.07593998908996591,-3.1416,1.203125,0.125,2.28125)
bbox_2=Bbox(curtain,4.01744187644346,-6.915201762859313,-0.07593998908996591,-3.1416,0.953125,0.09375,2.28125)
bbox_3=Bbox(curtain,-0.9575581235565407,-6.740201762859313,-0.07593998908996591,-1.5708000000000002,0.640625,0.09375,2.28125)
bbox_4=Bbox(clothes_rack,0.6174418764434595,-6.4902017628593125,0.34906001091003414,-1.5708000000000002,0.71875,2.15625,1.375)
bbox_5=Bbox(stool,-0.8325581235565407,-6.440201762859314,-1.0009399890899657,-1.5708000000000002,0.53125,0.265625,0.453125)
bbox_6=Bbox(stool,1.5924418764434596,-6.440201762859314,-1.0009399890899657,-3.1416,0.53125,0.265625,0.453125)
bbox_7=Bbox(curtain,-0.9075581235565406,-5.7402017628593125,-0.07593998908996591,-1.5708000000000002,0.609375,0.09375,2.28125)
bbox_8=Bbox(pillow,0.6424418764434594,-5.540201762859313,-0.7009399890899658,-3.1416,0.53125,0.25,0.359375)
bbox_9=Bbox(mirror,3.1424418764434594,-5.515201762859313,-0.15093998908996586,-3.1416,0.234375,0.09375,0.234375)
bbox_10=Bbox(curtain,10.54244187644346,-5.2402017628593125,-0.07593998908996591,-1.5708000000000002,0.53125,0.09375,2.28125)
bbox_11=Bbox(plants,3.8424418764434596,-5.2402017628593125,-0.9509399890899658,-3.1416,0.328125,0.296875,0.53125)
bbox_12=Bbox(nightstand,9.79244187644346,-5.190201762859314,-1.0259399890899659,-3.1416,0.453125,0.453125,0.4375)
bbox_13=Bbox(curtain,-0.8325581235565407,-4.665201762859313,-0.07593998908996591,-1.5708000000000002,0.8125,0.125,2.28125)
bbox_14=Bbox(shower,6.4924418764434595,-4.640201762859313,-0.17593998908996578,-1.5708000000000002,0.46875,0.46875,2.09375)
bbox_15=Bbox(toilet,4.8674418764434595,-4.3652017628593125,-1.0259399890899659,-1.5708000000000002,0.359375,0.609375,0.4375)
bbox_16=Bbox(shower_room,5.317441876443459,-4.340201762859313,-0.25093998908996573,-3.1416,1.546875,0.15625,1.96875)
bbox_18=Bbox(sofa,1.0424418764434593,-4.1152017628593125,-0.7759399890899659,-1.5708000000000002,3.0,0.984375,0.90625)
bbox_19=Bbox(coffee_table,1.9674418764434596,-4.1152017628593125,-1.0259399890899659,-1.5708000000000002,0.546875,0.546875,0.40625)
bbox_20=Bbox(bar_chair,-0.08255812355654069,-4.040201762859313,-0.7009399890899658,-1.5708000000000002,0.4375,0.5,1.078125)
bbox_21=Bbox(carpet,8.31744187644346,-4.040201762859313,-1.2259399890899658,-1.5708000000000002,1.96875,2.921875,0.09375)
bbox_22=Bbox(mirror,4.467441876443459,-4.015201762859313,0.02406001091003418,-1.5708000000000002,1.46875,0.09375,1.78125)
bbox_23=Bbox(hand_sink,4.817441876443459,-3.715201762859313,-0.5259399890899659,-1.5708000000000002,0.78125,0.46875,0.1875)
bbox_24=Bbox(carpet,5.567441876443459,-3.715201762859313,-1.2259399890899658,-1.5708000000000002,0.5625,0.84375,0.09375)
bbox_25=Bbox(mirror,4.842441876443459,-3.690201762859313,-0.15093998908996586,-1.5708000000000002,0.546875,0.09375,2.015625)
bbox_26=Bbox(curtain,-0.9075581235565406,-2.165201762859313,-0.07593998908996591,-1.5708000000000002,0.46875,0.125,2.28125)
bbox_27=Bbox(nightstand,7.692441876443461,-1.6652017628593132,-0.9759399890899658,-3.1416,0.40625,0.40625,0.484375)
bbox_28=Bbox(nightstand,9.66744187644346,-1.6652017628593132,-0.9759399890899658,-3.1416,0.40625,0.40625,0.484375)
bbox_29=Bbox(curtain,10.21744187644346,-1.6152017628593134,-0.07593998908996591,-3.1416,0.8125,0.09375,2.28125)
bbox_30=Bbox(curtain,10.54244187644346,-1.4152017628593132,-0.07593998908996591,-1.5708000000000002,0.53125,0.09375,2.28125)
bbox_31=Bbox(dining_chair,1.5924418764434596,-0.8152017628593127,-0.8509399890899658,-3.1416,0.40625,0.46875,0.765625)
bbox_32=Bbox(dining_chair,2.2674418764434594,-0.8152017628593127,-0.8509399890899658,-3.1416,0.40625,0.46875,0.765625)
bbox_34=Bbox(curtain,10.54244187644346,-0.21520176285931303,-0.07593998908996591,-1.5708000000000002,0.53125,0.09375,2.28125)
bbox_35=Bbox(dining_chair,2.742441876443459,-0.24020176285931338,-0.8509399890899658,-1.5708000000000002,0.40625,0.46875,0.765625)
bbox_36=Bbox(wardrobe,5.592441876443459,-0.14020176285931285,-0.12593998908996573,-3.1416,2.03125,0.453125,2.1875)
bbox_37=Bbox(carpet,8.61744187644346,-0.14020176285931285,-1.2259399890899658,-3.1416,2.171875,1.640625,0.09375)
bbox_38=Bbox(refrigerator,-0.6075581235565406,-0.14020176285931285,-0.3509399890899658,-1.5708000000000002,0.75,0.609375,1.78125)
bbox_39=Bbox(desk,10.34244187644346,0.6347982371406866,-0.8509399890899658,-1.5708000000000002,1.140625,0.46875,0.765625)
bbox_40=Bbox(chair,1.4674418764434596,0.6847982371406873,-0.8509399890899658,-3.1416,0.484375,0.5,0.765625)
bbox_41=Bbox(stool,10.26744187644346,0.6847982371406873,-1.0509399890899658,-3.1416,0.34375,0.34375,0.375)
bbox_42=Bbox(stool,10.09244187644346,0.6847982371406873,-1.0509399890899658,-3.1416,0.34375,0.34375,0.375)
bbox_43=Bbox(dressing_table,10.39244187644346,0.6847982371406873,-0.4759399890899658,-1.5708000000000002,1.140625,0.484375,0.1875)
bbox_44=Bbox(stool,10.34244187644346,0.6847982371406873,-1.0509399890899658,-3.1416,0.34375,0.34375,0.375)
bbox_45=Bbox(painting,5.91744187644346,1.0847982371406877,-0.6259399890899658,-3.1416,1.015625,0.09375,1.1875)
bbox_46=Bbox(nightstand,5.942441876443461,1.534798237140687,-1.0009399890899657,-3.1416,0.46875,0.40625,0.453125)
bbox_47=Bbox(nightstand,8.04244187644346,1.6847982371406873,-1.0009399890899657,-3.1416,0.46875,0.40625,0.453125)
bbox_48=Bbox(bathroom_cabinet,2.117441876443459,1.7097982371406877,-0.12593998908996573,-3.1416,0.859375,0.484375,1.75)
bbox_49=Bbox(toilet,1.3174418764434592,1.8847982371406866,-1.0259399890899659,-3.1416,0.359375,0.609375,0.4375)
bbox_50=Bbox(shower,0.5924418764434596,1.909798237140687,0.19906001091003422,-3.1416,0.28125,0.46875,1.328125)
bbox_52=Bbox(wardrobe,4.64244187644346,2.659798237140687,-0.12593998908996573,-1.5708000000000002,1.09375,0.484375,2.1875)
bbox_53=Bbox(stool,9.31744187644346,3.034798237140687,-1.075939989089966,-3.1416,0.3125,0.3125,0.3125)
bbox_54=Bbox(curtain,8.41744187644346,3.0597982371406873,-0.07593998908996591,-1.5708000000000002,3.359375,0.09375,2.28125)
bbox_55=Bbox(curtain,9.89244187644346,3.0597982371406873,-0.07593998908996591,-1.5708000000000002,2.796875,0.09375,2.28125)
bbox_56=Bbox(nightstand,7.7424418764434595,4.134798237140687,-1.0009399890899657,-3.1416,0.46875,0.40625,0.453125)
bbox_57=Bbox(curtain,0.1424418764434594,4.334798237140688,-0.07593998908996591,-1.5708000000000002,2.65625,0.125,2.28125)
bbox_58=Bbox(clothes_rack,9.31744187644346,3.2597982371406866,0.6240600109100343,-3.1416,0.78125,1.9375,1.046875)
bbox_59=Bbox(chair,0.9674418764434596,3.9847982371406863,-0.7759399890899659,-2.0518574999999997,0.640625,0.71875,0.890625)
bbox_60=Bbox(computer,0.5174418764434594,4.809798237140687,-0.25093998908996573,-1.5708000000000002,0.546875,0.40625,0.421875)
bbox_61=Bbox(curtain,0.1424418764434594,5.534798237140687,-0.07593998908996591,-1.5708000000000002,0.71875,0.125,2.28125)
bbox_62=Bbox(curtain,4.39244187644346,5.784798237140687,-0.07593998908996591,-3.1416,0.71875,0.125,2.28125)